10442.819336
8906.107422
15686.476562
7531.096680
3906.618652
17169.099609
9291.788086
2013.501953
8403.946289
3829.830322
14198.773438
9582.582031
16804.570312
12672.645508
18026.974609
1437.204224
15402.322266
13663.108398
246.435928
16771.152344
1231.698853
5320.408691
15010.757812
12234.524414
2802.619385
13890.904297
2940.146484
4564.748535
218.848343
7783.194336
13788.989258
15052.334961
2762.033447
2770.799805
1380.257080
10513.554688
1718.044312
16050.805664
12172.789062
4283.761230
8677.380859
2263.089600
17126.759766
14621.956055
7838.685059
15580.150391
11637.888672
13544.574219
5080.744629
16206.184570
16115.228516
17543.222656
1713.733398
15857.894531
775.160950
1831.601196
253.900436
10681.273438
10406.947266
16920.662109
11920.746094
9516.918945
2438.374512
5769.222168
17861.595703
12334.860352
9496.757812
12901.903320
6588.330566
10113.826172
3462.091553
2697.169434
16144.432617
7186.517090
713.793091
5929.430176
14740.587891
15416.125000
13568.159180
10939.759766
4302.640625
12341.348633
134.735474
4217.624512
7687.290039
13959.917969
15811.527344
8778.964844
3256.139893
10923.399414
14632.286133
11847.561523
12091.702148
4235.015137
7272.028809
15207.713867
7552.774902
2408.051514
8856.282227
12729.143555
